1.000000e-001 1.850406e+000
2.000000e-001 1.658881e+000
3.000000e-001 1.432337e+000
4.000000e-001 1.176992e+000
5.000000e-001 8.984304e-001
6.000000e-001 6.016531e-001
7.000000e-001 2.911277e-001
8.000000e-001 -2.916750e-002
9.000000e-001 -3.557016e-001
1.000000e+000 -6.853524e-001
1.100000e+000 -1.015371e+000
1.200000e+000 -1.343348e+000
1.300000e+000 -1.667184e+000
1.400000e+000 -1.985063e+000
1.500000e+000 -2.295422e+000
1.600000e+000 -2.596931e+000
1.700000e+000 -2.888471e+000
1.800000e+000 -3.169110e+000
1.900000e+000 -3.438090e+000
2.000000e+000 -3.694806e+000
2.100000e+000 -3.938788e+000
2.200000e+000 -4.169693e+000
2.300000e+000 -4.387287e+000
2.400000e+000 -4.591435e+000
2.500000e+000 -4.782088e+000
2.600000e+000 -4.959274e+000
2.700000e+000 -5.123089e+000
2.800000e+000 -5.273687e+000
2.900000e+000 -5.411276e+000
3.000000e+000 -5.536105e+000
3.100000e+000 -5.648463e+000
3.200000e+000 -5.748671e+000
3.300000e+000 -5.837076e+000
3.400000e+000 -5.914048e+000
3.500000e+000 -5.979974e+000
3.600000e+000 -6.035257e+000
3.700000e+000 -6.080308e+000
3.800000e+000 -6.115547e+000
3.900000e+000 -6.141399e+000
4.000000e+000 -6.158289e+000
4.100000e+000 -6.166644e+000
4.200000e+000 -6.166890e+000
4.300000e+000 -6.159447e+000
4.400000e+000 -6.144731e+000
4.500000e+000 -6.123151e+000
4.600000e+000 -6.095110e+000
4.700000e+000 -6.061001e+000
4.800000e+000 -6.021208e+000
4.900000e+000 -5.976106e+000
5.000000e+000 -5.926058e+000
5.100000e+000 -5.871417e+000
5.200000e+000 -5.812525e+000
5.300000e+000 -5.749710e+000
5.400000e+000 -5.683291e+000
5.500000e+000 -5.613574e+000
5.600000e+000 -5.540854e+000
5.700000e+000 -5.465411e+000
5.800000e+000 -5.387516e+000
5.900000e+000 -5.307427e+000
6.000000e+000 -5.225391e+000
6.100000e+000 -5.141642e+000
6.200000e+000 -5.056405e+000
6.300000e+000 -4.969892e+000
6.400000e+000 -4.882303e+000
6.500000e+000 -4.793831e+000
6.600000e+000 -4.704656e+000
6.700000e+000 -4.614947e+000
6.800000e+000 -4.524867e+000
6.900000e+000 -4.434566e+000
7.000000e+000 -4.344185e+000
7.100000e+000 -4.253859e+000
7.200000e+000 -4.163712e+000
7.300000e+000 -4.073860e+000
7.400000e+000 -3.984412e+000
7.500000e+000 -3.895469e+000
7.600000e+000 -3.807123e+000
7.700000e+000 -3.719462e+000
7.800000e+000 -3.632566e+000
7.900000e+000 -3.546508e+000
8.000000e+000 -3.461355e+000
8.100000e+000 -3.377170e+000
8.200000e+000 -3.294007e+000
8.300000e+000 -3.211918e+000
8.400000e+000 -3.130948e+000
8.500000e+000 -3.051139e+000
8.600000e+000 -2.972526e+000
8.700000e+000 -2.895143e+000
8.800000e+000 -2.819016e+000
8.900000e+000 -2.744171e+000
9.000000e+000 -2.670628e+000
9.100000e+000 -2.598405e+000
9.200000e+000 -2.527515e+000
9.300000e+000 -2.457971e+000
9.400000e+000 -2.389779e+000
9.500000e+000 -2.322946e+000
9.600000e+000 -2.257476e+000
9.700000e+000 -2.193369e+000
9.800000e+000 -2.130623e+000
9.900000e+000 -2.069237e+000
1.000000e+001 -2.009204e+000
1.010000e+001 -1.950519e+000
1.020000e+001 -1.893173e+000
1.030000e+001 -1.837155e+000
1.040000e+001 -1.782456e+000
1.050000e+001 -1.729062e+000
1.060000e+001 -1.676960e+000
1.070000e+001 -1.626137e+000
1.080000e+001 -1.576575e+000
1.090000e+001 -1.528260e+000
1.100000e+001 -1.481174e+000
1.110000e+001 -1.435300e+000
1.120000e+001 -1.390618e+000
1.130000e+001 -1.347112e+000
1.140000e+001 -1.304760e+000
1.150000e+001 -1.263544e+000
1.160000e+001 -1.223444e+000
1.170000e+001 -1.184439e+000
1.180000e+001 -1.146508e+000
1.190000e+001 -1.109632e+000
1.200000e+001 -1.073790e+000
1.210000e+001 -1.038960e+000
1.220000e+001 -1.005122e+000
1.230000e+001 -9.722542e-001
1.240000e+001 -9.403363e-001
1.250000e+001 -9.093474e-001
1.260000e+001 -8.792665e-001
1.270000e+001 -8.500731e-001
1.280000e+001 -8.217465e-001
1.290000e+001 -7.942664e-001
1.300000e+001 -7.676126e-001
1.310000e+001 -7.417651e-001
1.320000e+001 -7.167040e-001
1.330000e+001 -6.924098e-001
1.340000e+001 -6.688632e-001
1.350000e+001 -6.460450e-001
1.360000e+001 -6.239366e-001
1.370000e+001 -6.025194e-001
1.380000e+001 -5.817751e-001
1.390000e+001 -5.616858e-001
1.400000e+001 -5.422339e-001
1.410000e+001 -5.234021e-001
1.420000e+001 -5.051733e-001
1.430000e+001 -4.875309e-001
1.440000e+001 -4.704585e-001
1.450000e+001 -4.539400e-001
1.460000e+001 -4.379597e-001
1.470000e+001 -4.225023e-001
1.480000e+001 -4.075526e-001
1.490000e+001 -3.930959e-001
1.500000e+001 -3.791177e-001
1.510000e+001 -3.656041e-001
1.520000e+001 -3.525412e-001
1.530000e+001 -3.399155e-001
1.540000e+001 -3.277139e-001
1.550000e+001 -3.159236e-001
1.560000e+001 -3.045321e-001
1.570000e+001 -2.935272e-001
1.580000e+001 -2.828970e-001
1.590000e+001 -2.726299e-001
1.600000e+001 -2.627146e-001
1.610000e+001 -2.531402e-001
1.620000e+001 -2.438958e-001
1.630000e+001 -2.349711e-001
1.640000e+001 -2.263558e-001
1.650000e+001 -2.180403e-001
1.660000e+001 -2.100148e-001
1.670000e+001 -2.022700e-001
1.680000e+001 -1.947968e-001
1.690000e+001 -1.875864e-001
1.700000e+001 -1.806303e-001
1.710000e+001 -1.739201e-001
1.720000e+001 -1.674477e-001
1.730000e+001 -1.612052e-001
1.740000e+001 -1.551851e-001
1.750000e+001 -1.493800e-001
1.760000e+001 -1.437826e-001
1.770000e+001 -1.383860e-001
1.780000e+001 -1.331834e-001
1.790000e+001 -1.281684e-001
1.800000e+001 -1.233345e-001
1.810000e+001 -1.186756e-001
1.820000e+001 -1.141857e-001
1.830000e+001 -1.098590e-001
1.840000e+001 -1.056900e-001
1.850000e+001 -1.016732e-001
1.860000e+001 -9.780332e-002
1.870000e+001 -9.407531e-002
1.880000e+001 -9.048422e-002
1.890000e+001 -8.702530e-002
1.900000e+001 -8.369391e-002
1.910000e+001 -8.048560e-002
1.920000e+001 -7.739603e-002
1.930000e+001 -7.442103e-002
1.940000e+001 -7.155654e-002
1.950000e+001 -6.879866e-002
1.960000e+001 -6.614359e-002
1.970000e+001 -6.358768e-002
1.980000e+001 -6.112738e-002
1.990000e+001 -5.875929e-002
2.000000e+001 -5.648008e-002
