0.000000e+000  2.000000e+000
1.000000e-002  1.989726e+000
2.000000e-002  1.978912e+000
3.000000e-002  1.967564e+000
4.000000e-002  1.955692e+000
5.000000e-002  1.943305e+000
5.999999e-002  1.930410e+000
6.999999e-002  1.917016e+000
7.999999e-002  1.903132e+000
8.999999e-002  1.888764e+000
9.999999e-002  1.873922e+000
1.100000e-001  1.858613e+000
1.200000e-001  1.842845e+000
1.300000e-001  1.826626e+000
1.400000e-001  1.809963e+000
1.500000e-001  1.792864e+000
1.600000e-001  1.775337e+000
1.700000e-001  1.757390e+000
1.800000e-001  1.739028e+000
1.900000e-001  1.720261e+000
2.000000e-001  1.701094e+000
2.100000e-001  1.681536e+000
2.200000e-001  1.661593e+000
2.300000e-001  1.641272e+000
2.400000e-001  1.620581e+000
2.500000e-001  1.599526e+000
2.600000e-001  1.578113e+000
2.700000e-001  1.556350e+000
2.800000e-001  1.534243e+000
2.900000e-001  1.511799e+000
3.000000e-001  1.489025e+000
3.100000e-001  1.465926e+000
3.200000e-001  1.442509e+000
3.300000e-001  1.418781e+000
3.399999e-001  1.394747e+000
3.499999e-001  1.370414e+000
3.599999e-001  1.345788e+000
3.699999e-001  1.320874e+000
3.799999e-001  1.295680e+000
3.899999e-001  1.270210e+000
3.999999e-001  1.244471e+000
4.099999e-001  1.218468e+000
4.199999e-001  1.192208e+000
4.299999e-001  1.165695e+000
4.399998e-001  1.138935e+000
4.499998e-001  1.111934e+000
4.599998e-001  1.084698e+000
4.699998e-001  1.057231e+000
4.799998e-001  1.029539e+000
4.899998e-001  1.001628e+000
4.999998e-001  9.735016e-001
5.099998e-001  9.451662e-001
5.199998e-001  9.166267e-001
5.299998e-001  8.878880e-001
5.399998e-001  8.589553e-001
5.499998e-001  8.298332e-001
5.599998e-001  8.005269e-001
5.699998e-001  7.710409e-001
5.799997e-001  7.413803e-001
5.899997e-001  7.115496e-001
5.999997e-001  6.815536e-001
6.099997e-001  6.513968e-001
6.199997e-001  6.210838e-001
6.299997e-001  5.906191e-001
6.399997e-001  5.600071e-001
6.499997e-001  5.292523e-001
6.599997e-001  4.983590e-001
6.699997e-001  4.673314e-001
6.799996e-001  4.361739e-001
6.899996e-001  4.048907e-001
6.999996e-001  3.734859e-001
7.099996e-001  3.419635e-001
7.199996e-001  3.103276e-001
7.299996e-001  2.785824e-001
7.399996e-001  2.467316e-001
7.499996e-001  2.147792e-001
7.599996e-001  1.827291e-001
7.699996e-001  1.505851e-001
7.799996e-001  1.183510e-001
7.899995e-001  8.603042e-002
7.999995e-001  5.362711e-002
8.099995e-001  2.114471e-002
8.199995e-001  -1.141321e-002
8.299995e-001  -4.404309e-002
8.399995e-001  -7.674142e-002
8.499995e-001  -1.095048e-001
8.599995e-001  -1.423297e-001
8.699995e-001  -1.752128e-001
8.799995e-001  -2.081508e-001
8.899994e-001  -2.411404e-001
8.999994e-001  -2.741783e-001
9.099994e-001  -3.072613e-001
9.199994e-001  -3.403862e-001
9.299994e-001  -3.735500e-001
9.399994e-001  -4.067495e-001
9.499994e-001  -4.399817e-001
9.599994e-001  -4.732435e-001
9.699994e-001  -5.065320e-001
9.799994e-001  -5.398443e-001
9.899994e-001  -5.731774e-001
9.999993e-001  -6.065285e-001
1.009999e+000  -6.398950e-001
1.019999e+000  -6.732736e-001
1.029999e+000  -7.066619e-001
1.039999e+000  -7.400571e-001
1.049999e+000  -7.734565e-001
1.059999e+000  -8.068575e-001
1.069999e+000  -8.402575e-001
1.079999e+000  -8.736539e-001
1.089999e+000  -9.070442e-001
1.099999e+000  -9.404259e-001
1.109999e+000  -9.737964e-001
1.119999e+000  -1.007154e+000
1.129999e+000  -1.040495e+000
1.139999e+000  -1.073817e+000
1.149999e+000  -1.107119e+000
1.159999e+000  -1.140399e+000
1.169999e+000  -1.173652e+000
1.179999e+000  -1.206879e+000
1.189999e+000  -1.240076e+000
1.199999e+000  -1.273240e+000
1.209999e+000  -1.306371e+000
1.219999e+000  -1.339466e+000
1.229999e+000  -1.372522e+000
1.239999e+000  -1.405539e+000
1.249999e+000  -1.438512e+000
1.259999e+000  -1.471442e+000
1.269999e+000  -1.504325e+000
1.279999e+000  -1.537160e+000
1.289999e+000  -1.569945e+000
1.299999e+000  -1.602678e+000
1.309999e+000  -1.635357e+000
1.319999e+000  -1.667980e+000
1.329999e+000  -1.700545e+000
1.339999e+000  -1.733052e+000
1.349999e+000  -1.765497e+000
1.359999e+000  -1.797879e+000
1.369999e+000  -1.830197e+000
1.379999e+000  -1.862449e+000
1.389999e+000  -1.894633e+000
1.399999e+000  -1.926748e+000
1.409999e+000  -1.958791e+000
1.419999e+000  -1.990762e+000
1.429999e+000  -2.022659e+000
1.439999e+000  -2.054481e+000
1.449999e+000  -2.086225e+000
1.459999e+000  -2.117890e+000
1.469999e+000  -2.149476e+000
1.479999e+000  -2.180980e+000
1.489999e+000  -2.212401e+000
1.499999e+000  -2.243738e+000
1.509999e+000  -2.274989e+000
1.519999e+000  -2.306153e+000
1.529999e+000  -2.337229e+000
1.539999e+000  -2.368216e+000
1.549999e+000  -2.399112e+000
1.559999e+000  -2.429915e+000
1.569999e+000  -2.460625e+000
1.579999e+000  -2.491241e+000
1.589999e+000  -2.521762e+000
1.599999e+000  -2.552185e+000
1.609999e+000  -2.582510e+000
1.619999e+000  -2.612737e+000
1.629999e+000  -2.642863e+000
1.639999e+000  -2.672888e+000
1.649999e+000  -2.702811e+000
1.659999e+000  -2.732630e+000
1.669999e+000  -2.762345e+000
1.679999e+000  -2.791955e+000
1.689999e+000  -2.821458e+000
1.699999e+000  -2.850854e+000
1.709999e+000  -2.880142e+000
1.719999e+000  -2.909320e+000
1.729999e+000  -2.938389e+000
1.739999e+000  -2.967346e+000
1.749999e+000  -2.996192e+000
1.759999e+000  -3.024925e+000
1.769999e+000  -3.053545e+000
1.779999e+000  -3.082050e+000
1.789999e+000  -3.110440e+000
1.799999e+000  -3.138714e+000
1.809999e+000  -3.166871e+000
1.819999e+000  -3.194911e+000
1.829999e+000  -3.222833e+000
1.839999e+000  -3.250636e+000
1.849999e+000  -3.278320e+000
1.859999e+000  -3.305883e+000
1.869999e+000  -3.333325e+000
1.879999e+000  -3.360646e+000
1.889999e+000  -3.387844e+000
1.899999e+000  -3.414919e+000
1.909999e+000  -3.441871e+000
1.919999e+000  -3.468699e+000
1.929999e+000  -3.495403e+000
1.939999e+000  -3.521981e+000
1.949998e+000  -3.548433e+000
1.959998e+000  -3.574759e+000
1.969998e+000  -3.600958e+000
1.979998e+000  -3.627030e+000
1.989998e+000  -3.652975e+000
1.999998e+000  -3.678790e+000
2.009999e+000  -3.704478e+000
2.019999e+000  -3.730036e+000
2.029999e+000  -3.755464e+000
2.039999e+000  -3.780762e+000
2.049999e+000  -3.805930e+000
2.059999e+000  -3.830966e+000
2.069999e+000  -3.855872e+000
2.079998e+000  -3.880646e+000
2.089998e+000  -3.905288e+000
2.099998e+000  -3.929797e+000
2.109998e+000  -3.954174e+000
2.119998e+000  -3.978418e+000
2.129998e+000  -4.002528e+000
2.139998e+000  -4.026505e+000
2.149998e+000  -4.050347e+000
2.159998e+000  -4.074056e+000
2.169998e+000  -4.097630e+000
2.179998e+000  -4.121069e+000
2.189998e+000  -4.144373e+000
2.199998e+000  -4.167542e+000
2.209998e+000  -4.190576e+000
2.219998e+000  -4.213473e+000
2.229998e+000  -4.236235e+000
2.239998e+000  -4.258861e+000
2.249998e+000  -4.281351e+000
2.259998e+000  -4.303704e+000
2.269998e+000  -4.325920e+000
2.279998e+000  -4.348000e+000
2.289998e+000  -4.369943e+000
2.299998e+000  -4.391748e+000
2.309998e+000  -4.413417e+000
2.319998e+000  -4.434948e+000
2.329998e+000  -4.456342e+000
2.339998e+000  -4.477598e+000
2.349998e+000  -4.498717e+000
2.359998e+000  -4.519698e+000
2.369998e+000  -4.540541e+000
2.379998e+000  -4.561246e+000
2.389998e+000  -4.581814e+000
2.399998e+000  -4.602244e+000
2.409998e+000  -4.622536e+000
2.419998e+000  -4.642689e+000
2.429998e+000  -4.662705e+000
2.439998e+000  -4.682583e+000
2.449998e+000  -4.702323e+000
2.459998e+000  -4.721924e+000
2.469998e+000  -4.741388e+000
2.479998e+000  -4.760714e+000
2.489998e+000  -4.779902e+000
2.499998e+000  -4.798952e+000
2.509998e+000  -4.817864e+000
2.519998e+000  -4.836638e+000
2.529998e+000  -4.855274e+000
2.539998e+000  -4.873773e+000
2.549998e+000  -4.892134e+000
2.559998e+000  -4.910357e+000
2.569998e+000  -4.928443e+000
2.579998e+000  -4.946392e+000
2.589998e+000  -4.964203e+000
2.599998e+000  -4.981878e+000
2.609998e+000  -4.999415e+000
2.619998e+000  -5.016815e+000
2.629998e+000  -5.034078e+000
2.639998e+000  -5.051205e+000
2.649998e+000  -5.068194e+000
2.659998e+000  -5.085048e+000
2.669998e+000  -5.101765e+000
2.679998e+000  -5.118346e+000
2.689998e+000  -5.134791e+000
2.699998e+000  -5.151101e+000
2.709998e+000  -5.167274e+000
2.719998e+000  -5.183312e+000
2.729998e+000  -5.199215e+000
2.739998e+000  -5.214983e+000
2.749998e+000  -5.230616e+000
2.759998e+000  -5.246114e+000
2.769998e+000  -5.261477e+000
2.779998e+000  -5.276707e+000
2.789998e+000  -5.291802e+000
2.799998e+000  -5.306763e+000
2.809998e+000  -5.321591e+000
2.819998e+000  -5.336285e+000
2.829998e+000  -5.350846e+000
2.839998e+000  -5.365274e+000
2.849998e+000  -5.379570e+000
2.859998e+000  -5.393733e+000
2.869998e+000  -5.407763e+000
2.879998e+000  -5.421662e+000
2.889998e+000  -5.435429e+000
2.899998e+000  -5.449065e+000
2.909998e+000  -5.462569e+000
2.919998e+000  -5.475943e+000
2.929998e+000  -5.489185e+000
2.939998e+000  -5.502298e+000
2.949998e+000  -5.515280e+000
2.959998e+000  -5.528133e+000
2.969998e+000  -5.540856e+000
2.979998e+000  -5.553450e+000
2.989998e+000  -5.565915e+000
2.999998e+000  -5.578251e+000
3.009998e+000  -5.590459e+000
3.019998e+000  -5.602539e+000
3.029998e+000  -5.614491e+000
3.039998e+000  -5.626317e+000
3.049998e+000  -5.638015e+000
3.059998e+000  -5.649586e+000
3.069998e+000  -5.661031e+000
3.079998e+000  -5.672349e+000
3.089998e+000  -5.683543e+000
3.099998e+000  -5.694611e+000
3.109998e+000  -5.705553e+000
3.119998e+000  -5.716371e+000
3.129997e+000  -5.727065e+000
3.139997e+000  -5.737634e+000
3.149997e+000  -5.748080e+000
3.159997e+000  -5.758402e+000
3.169997e+000  -5.768601e+000
3.179997e+000  -5.778678e+000
3.189997e+000  -5.788633e+000
3.199997e+000  -5.798465e+000
3.209997e+000  -5.808177e+000
3.219997e+000  -5.817767e+000
3.229997e+000  -5.827236e+000
3.239997e+000  -5.836584e+000
3.249997e+000  -5.845813e+000
3.259997e+000  -5.854922e+000
3.269997e+000  -5.863912e+000
3.279997e+000  -5.872782e+000
3.289997e+000  -5.881535e+000
3.299997e+000  -5.890168e+000
3.309997e+000  -5.898685e+000
3.319997e+000  -5.907084e+000
3.329997e+000  -5.915365e+000
3.339997e+000  -5.923531e+000
3.349997e+000  -5.931580e+000
3.359997e+000  -5.939513e+000
3.369997e+000  -5.947330e+000
3.379997e+000  -5.955033e+000
3.389997e+000  -5.962622e+000
3.399997e+000  -5.970096e+000
3.409997e+000  -5.977456e+000
3.419997e+000  -5.984703e+000
3.429997e+000  -5.991836e+000
3.439997e+000  -5.998857e+000
3.449997e+000  -6.005766e+000
3.459997e+000  -6.012563e+000
3.469997e+000  -6.019249e+000
3.479997e+000  -6.025824e+000
3.489997e+000  -6.032289e+000
3.499997e+000  -6.038643e+000
3.509997e+000  -6.044887e+000
3.519997e+000  -6.051023e+000
3.529997e+000  -6.057049e+000
3.539997e+000  -6.062967e+000
3.549997e+000  -6.068777e+000
3.559997e+000  -6.074479e+000
3.569997e+000  -6.080074e+000
3.579997e+000  -6.085563e+000
3.589997e+000  -6.090945e+000
3.599997e+000  -6.096221e+000
3.609997e+000  -6.101392e+000
3.619997e+000  -6.106458e+000
3.629997e+000  -6.111419e+000
3.639997e+000  -6.116276e+000
3.649997e+000  -6.121029e+000
3.659997e+000  -6.125679e+000
3.669997e+000  -6.130227e+000
3.679997e+000  -6.134671e+000
3.689997e+000  -6.139014e+000
3.699997e+000  -6.143255e+000
3.709997e+000  -6.147395e+000
3.719997e+000  -6.151434e+000
3.729997e+000  -6.155373e+000
3.739997e+000  -6.159212e+000
3.749997e+000  -6.162951e+000
3.759997e+000  -6.166592e+000
3.769997e+000  -6.170135e+000
3.779997e+000  -6.173579e+000
3.789997e+000  -6.176925e+000
3.799997e+000  -6.180174e+000
3.809997e+000  -6.183327e+000
3.819997e+000  -6.186383e+000
3.829997e+000  -6.189343e+000
3.839997e+000  -6.192208e+000
3.849997e+000  -6.194978e+000
3.859997e+000  -6.197653e+000
3.869997e+000  -6.200234e+000
3.879997e+000  -6.202722e+000
3.889997e+000  -6.205116e+000
3.899997e+000  -6.207417e+000
3.909997e+000  -6.209626e+000
3.919997e+000  -6.211743e+000
3.929997e+000  -6.213768e+000
3.939997e+000  -6.215703e+000
3.949997e+000  -6.217547e+000
3.959997e+000  -6.219301e+000
3.969997e+000  -6.220964e+000
3.979997e+000  -6.222539e+000
3.989997e+000  -6.224025e+000
3.999997e+000  -6.225422e+000
4.009997e+000  -6.226732e+000
4.019997e+000  -6.227954e+000
4.029997e+000  -6.229089e+000
4.039998e+000  -6.230137e+000
4.049998e+000  -6.231099e+000
4.059998e+000  -6.231976e+000
4.069998e+000  -6.232766e+000
4.079998e+000  -6.233472e+000
4.089999e+000  -6.234094e+000
4.099999e+000  -6.234632e+000
4.109999e+000  -6.235085e+000
4.119999e+000  -6.235456e+000
4.130000e+000  -6.235744e+000
4.140000e+000  -6.235950e+000
4.150000e+000  -6.236074e+000
4.160000e+000  -6.236116e+000
4.170001e+000  -6.236078e+000
4.180001e+000  -6.235959e+000
4.190001e+000  -6.235760e+000
4.200001e+000  -6.235481e+000
4.210001e+000  -6.235123e+000
4.220002e+000  -6.234686e+000
4.230002e+000  -6.234171e+000
4.240002e+000  -6.233578e+000
4.250002e+000  -6.232908e+000
4.260003e+000  -6.232160e+000
4.270003e+000  -6.231336e+000
4.280003e+000  -6.230435e+000
4.290003e+000  -6.229459e+000
4.300004e+000  -6.228407e+000
4.310004e+000  -6.227281e+000
4.320004e+000  -6.226080e+000
4.330004e+000  -6.224805e+000
4.340004e+000  -6.223456e+000
4.350005e+000  -6.222034e+000
4.360005e+000  -6.220539e+000
4.370005e+000  -6.218972e+000
4.380005e+000  -6.217333e+000
4.390006e+000  -6.215622e+000
4.400006e+000  -6.213840e+000
4.410006e+000  -6.211987e+000
4.420006e+000  -6.210065e+000
4.430007e+000  -6.208072e+000
4.440007e+000  -6.206010e+000
4.450007e+000  -6.203879e+000
4.460007e+000  -6.201679e+000
4.470007e+000  -6.199411e+000
4.480008e+000  -6.197075e+000
4.490008e+000  -6.194673e+000
4.500008e+000  -6.192203e+000
4.510008e+000  -6.189666e+000
4.520009e+000  -6.187063e+000
4.530009e+000  -6.184395e+000
4.540009e+000  -6.181661e+000
4.550009e+000  -6.178863e+000
4.560009e+000  -6.176000e+000
4.570010e+000  -6.173072e+000
4.580010e+000  -6.170082e+000
4.590010e+000  -6.167027e+000
4.600010e+000  -6.163910e+000
4.610011e+000  -6.160731e+000
4.620011e+000  -6.157489e+000
4.630011e+000  -6.154186e+000
4.640011e+000  -6.150822e+000
4.650012e+000  -6.147397e+000
4.660012e+000  -6.143911e+000
4.670012e+000  -6.140365e+000
4.680012e+000  -6.136760e+000
4.690012e+000  -6.133095e+000
4.700013e+000  -6.129371e+000
4.710013e+000  -6.125589e+000
4.720013e+000  -6.121749e+000
4.730013e+000  -6.117851e+000
4.740014e+000  -6.113896e+000
4.750014e+000  -6.109884e+000
4.760014e+000  -6.105815e+000
4.770014e+000  -6.101690e+000
4.780015e+000  -6.097509e+000
4.790015e+000  -6.093274e+000
4.800015e+000  -6.088983e+000
4.810015e+000  -6.084637e+000
4.820015e+000  -6.080237e+000
4.830016e+000  -6.075783e+000
4.840016e+000  -6.071276e+000
4.850016e+000  -6.066716e+000
4.860016e+000  -6.062103e+000
4.870017e+000  -6.057438e+000
4.880017e+000  -6.052721e+000
4.890017e+000  -6.047952e+000
4.900017e+000  -6.043131e+000
4.910017e+000  -6.038260e+000
4.920018e+000  -6.033339e+000
4.930018e+000  -6.028368e+000
4.940018e+000  -6.023346e+000
4.950018e+000  -6.018276e+000
4.960019e+000  -6.013156e+000
4.970019e+000  -6.007987e+000
4.980019e+000  -6.002771e+000
4.990019e+000  -5.997507e+000
5.000020e+000  -5.992195e+000
5.010020e+000  -5.986835e+000
5.020020e+000  -5.981429e+000
5.030020e+000  -5.975976e+000
5.040020e+000  -5.970478e+000
5.050021e+000  -5.964933e+000
5.060021e+000  -5.959343e+000
5.070021e+000  -5.953708e+000
5.080021e+000  -5.948029e+000
5.090022e+000  -5.942305e+000
5.100022e+000  -5.936536e+000
5.110022e+000  -5.930725e+000
5.120022e+000  -5.924870e+000
5.130023e+000  -5.918972e+000
5.140023e+000  -5.913031e+000
5.150023e+000  -5.907048e+000
5.160023e+000  -5.901023e+000
5.170023e+000  -5.894957e+000
5.180024e+000  -5.888849e+000
5.190024e+000  -5.882700e+000
5.200024e+000  -5.876511e+000
5.210024e+000  -5.870281e+000
5.220025e+000  -5.864011e+000
5.230025e+000  -5.857702e+000
5.240025e+000  -5.851354e+000
5.250025e+000  -5.844967e+000
5.260026e+000  -5.838541e+000
5.270026e+000  -5.832077e+000
5.280026e+000  -5.825574e+000
5.290026e+000  -5.819035e+000
5.300026e+000  -5.812458e+000
5.310027e+000  -5.805844e+000
5.320027e+000  -5.799193e+000
5.330027e+000  -5.792506e+000
5.340027e+000  -5.785783e+000
5.350028e+000  -5.779025e+000
5.360028e+000  -5.772231e+000
5.370028e+000  -5.765402e+000
5.380028e+000  -5.758538e+000
5.390028e+000  -5.751640e+000
5.400029e+000  -5.744707e+000
5.410029e+000  -5.737741e+000
5.420029e+000  -5.730742e+000
5.430029e+000  -5.723709e+000
5.440030e+000  -5.716643e+000
5.450030e+000  -5.709545e+000
5.460030e+000  -5.702414e+000
5.470030e+000  -5.695251e+000
5.480031e+000  -5.688057e+000
5.490031e+000  -5.680832e+000
5.500031e+000  -5.673575e+000
5.510031e+000  -5.666288e+000
5.520031e+000  -5.658970e+000
5.530032e+000  -5.651622e+000
5.540032e+000  -5.644244e+000
5.550032e+000  -5.636837e+000
5.560032e+000  -5.629400e+000
5.570033e+000  -5.621934e+000
5.580033e+000  -5.614439e+000
5.590033e+000  -5.606916e+000
5.600033e+000  -5.599365e+000
5.610034e+000  -5.591786e+000
5.620034e+000  -5.584180e+000
5.630034e+000  -5.576546e+000
5.640034e+000  -5.568885e+000
5.650034e+000  -5.561198e+000
5.660035e+000  -5.553484e+000
5.670035e+000  -5.545744e+000
5.680035e+000  -5.537978e+000
5.690035e+000  -5.530186e+000
5.700036e+000  -5.522369e+000
5.710036e+000  -5.514527e+000
5.720036e+000  -5.506661e+000
5.730036e+000  -5.498769e+000
5.740036e+000  -5.490854e+000
5.750037e+000  -5.482914e+000
5.760037e+000  -5.474951e+000
5.770037e+000  -5.466964e+000
5.780037e+000  -5.458955e+000
5.790038e+000  -5.450922e+000
5.800038e+000  -5.442866e+000
5.810038e+000  -5.434789e+000
5.820038e+000  -5.426689e+000
5.830039e+000  -5.418567e+000
5.840039e+000  -5.410423e+000
5.850039e+000  -5.402258e+000
5.860039e+000  -5.394073e+000
5.870039e+000  -5.385866e+000
5.880040e+000  -5.377638e+000
5.890040e+000  -5.369390e+000
5.900040e+000  -5.361123e+000
5.910040e+000  -5.352835e+000
5.920041e+000  -5.344528e+000
5.930041e+000  -5.336201e+000
5.940041e+000  -5.327856e+000
5.950041e+000  -5.319491e+000
5.960042e+000  -5.311108e+000
5.970042e+000  -5.302706e+000
5.980042e+000  -5.294286e+000
5.990042e+000  -5.285849e+000
6.000042e+000  -5.277393e+000
6.010043e+000  -5.268920e+000
6.020043e+000  -5.260431e+000
6.030043e+000  -5.251924e+000
6.040043e+000  -5.243400e+000
6.050044e+000  -5.234860e+000
6.060044e+000  -5.226304e+000
6.070044e+000  -5.217731e+000
6.080044e+000  -5.209143e+000
6.090044e+000  -5.200540e+000
6.100045e+000  -5.191920e+000
6.110045e+000  -5.183286e+000
6.120045e+000  -5.174637e+000
6.130045e+000  -5.165973e+000
6.140046e+000  -5.157295e+000
6.150046e+000  -5.148602e+000
6.160046e+000  -5.139896e+000
6.170046e+000  -5.131176e+000
6.180047e+000  -5.122442e+000
6.190047e+000  -5.113695e+000
6.200047e+000  -5.104934e+000
6.210047e+000  -5.096161e+000
6.220047e+000  -5.087375e+000
6.230048e+000  -5.078577e+000
6.240048e+000  -5.069766e+000
6.250048e+000  -5.060943e+000
6.260048e+000  -5.052108e+000
6.270049e+000  -5.043262e+000
6.280049e+000  -5.034404e+000
6.290049e+000  -5.025535e+000
6.300049e+000  -5.016654e+000
6.310050e+000  -5.007764e+000
6.320050e+000  -4.998862e+000
6.330050e+000  -4.989950e+000
6.340050e+000  -4.981028e+000
6.350050e+000  -4.972095e+000
6.360051e+000  -4.963153e+000
6.370051e+000  -4.954201e+000
6.380051e+000  -4.945240e+000
6.390051e+000  -4.936269e+000
6.400052e+000  -4.927289e+000
6.410052e+000  -4.918300e+000
6.420052e+000  -4.909303e+000
6.430052e+000  -4.900297e+000
6.440053e+000  -4.891283e+000
6.450053e+000  -4.882260e+000
6.460053e+000  -4.873230e+000
6.470053e+000  -4.864192e+000
6.480053e+000  -4.855147e+000
6.490054e+000  -4.846094e+000
6.500054e+000  -4.837034e+000
6.510054e+000  -4.827966e+000
6.520054e+000  -4.818892e+000
6.530055e+000  -4.809812e+000
6.540055e+000  -4.800725e+000
6.550055e+000  -4.791631e+000
6.560055e+000  -4.782531e+000
6.570055e+000  -4.773426e+000
6.580056e+000  -4.764314e+000
6.590056e+000  -4.755197e+000
6.600056e+000  -4.746075e+000
6.610056e+000  -4.736947e+000
6.620057e+000  -4.727814e+000
6.630057e+000  -4.718677e+000
6.640057e+000  -4.709534e+000
6.650057e+000  -4.700387e+000
6.660058e+000  -4.691235e+000
6.670058e+000  -4.682079e+000
6.680058e+000  -4.672919e+000
6.690058e+000  -4.663755e+000
6.700058e+000  -4.654588e+000
6.710059e+000  -4.645416e+000
6.720059e+000  -4.636241e+000
6.730059e+000  -4.627063e+000
6.740059e+000  -4.617882e+000
6.750060e+000  -4.608698e+000
6.760060e+000  -4.599511e+000
6.770060e+000  -4.590321e+000
6.780060e+000  -4.581129e+000
6.790061e+000  -4.571934e+000
6.800061e+000  -4.562737e+000
6.810061e+000  -4.553539e+000
6.820061e+000  -4.544338e+000
6.830061e+000  -4.535135e+000
6.840062e+000  -4.525931e+000
6.850062e+000  -4.516726e+000
6.860062e+000  -4.507518e+000
6.870062e+000  -4.498310e+000
6.880063e+000  -4.489101e+000
6.890063e+000  -4.479891e+000
6.900063e+000  -4.470680e+000
6.910063e+000  -4.461468e+000
6.920063e+000  -4.452257e+000
6.930064e+000  -4.443044e+000
6.940064e+000  -4.433832e+000
6.950064e+000  -4.424619e+000
6.960064e+000  -4.415407e+000
6.970065e+000  -4.406195e+000
6.980065e+000  -4.396983e+000
6.990065e+000  -4.387771e+000
7.000065e+000  -4.378561e+000
7.010066e+000  -4.369350e+000
7.020066e+000  -4.360141e+000
7.030066e+000  -4.350933e+000
7.040066e+000  -4.341726e+000
7.050066e+000  -4.332520e+000
7.060067e+000  -4.323316e+000
7.070067e+000  -4.314114e+000
7.080067e+000  -4.304913e+000
7.090067e+000  -4.295713e+000
7.100068e+000  -4.286516e+000
7.110068e+000  -4.277320e+000
7.120068e+000  -4.268127e+000
7.130068e+000  -4.258936e+000
7.140069e+000  -4.249748e+000
7.150069e+000  -4.240562e+000
7.160069e+000  -4.231379e+000
7.170069e+000  -4.222198e+000
7.180069e+000  -4.213020e+000
7.190070e+000  -4.203846e+000
7.200070e+000  -4.194674e+000
7.210070e+000  -4.185505e+000
7.220070e+000  -4.176340e+000
7.230071e+000  -4.167179e+000
7.240071e+000  -4.158020e+000
7.250071e+000  -4.148866e+000
7.260071e+000  -4.139716e+000
7.270072e+000  -4.130569e+000
7.280072e+000  -4.121427e+000
7.290072e+000  -4.112288e+000
7.300072e+000  -4.103154e+000
7.310072e+000  -4.094024e+000
7.320073e+000  -4.084898e+000
7.330073e+000  -4.075777e+000
7.340073e+000  -4.066661e+000
7.350073e+000  -4.057549e+000
7.360074e+000  -4.048442e+000
7.370074e+000  -4.039340e+000
7.380074e+000  -4.030244e+000
7.390074e+000  -4.021152e+000
7.400074e+000  -4.012066e+000
7.410075e+000  -4.002985e+000
7.420075e+000  -3.993910e+000
7.430075e+000  -3.984840e+000
7.440075e+000  -3.975776e+000
7.450076e+000  -3.966717e+000
7.460076e+000  -3.957665e+000
7.470076e+000  -3.948618e+000
7.480076e+000  -3.939578e+000
7.490077e+000  -3.930543e+000
7.500077e+000  -3.921515e+000
7.510077e+000  -3.912493e+000
7.520077e+000  -3.903477e+000
7.530077e+000  -3.894468e+000
7.540078e+000  -3.885466e+000
7.550078e+000  -3.876470e+000
7.560078e+000  -3.867481e+000
7.570078e+000  -3.858499e+000
7.580079e+000  -3.849524e+000
7.590079e+000  -3.840556e+000
7.600079e+000  -3.831595e+000
7.610079e+000  -3.822641e+000
7.620080e+000  -3.813695e+000
7.630080e+000  -3.804756e+000
7.640080e+000  -3.795824e+000
7.650080e+000  -3.786900e+000
7.660080e+000  -3.777983e+000
7.670081e+000  -3.769074e+000
7.680081e+000  -3.760173e+000
7.690081e+000  -3.751280e+000
7.700081e+000  -3.742395e+000
7.710082e+000  -3.733518e+000
7.720082e+000  -3.724649e+000
7.730082e+000  -3.715788e+000
7.740082e+000  -3.706935e+000
7.750082e+000  -3.698091e+000
7.760083e+000  -3.689255e+000
7.770083e+000  -3.680427e+000
7.780083e+000  -3.671608e+000
7.790083e+000  -3.662798e+000
7.800084e+000  -3.653996e+000
7.810084e+000  -3.645203e+000
7.820084e+000  -3.636419e+000
7.830084e+000  -3.627644e+000
7.840085e+000  -3.618878e+000
7.850085e+000  -3.610121e+000
7.860085e+000  -3.601373e+000
7.870085e+000  -3.592634e+000
7.880085e+000  -3.583905e+000
7.890086e+000  -3.575184e+000
7.900086e+000  -3.566473e+000
7.910086e+000  -3.557772e+000
7.920086e+000  -3.549080e+000
7.930087e+000  -3.540398e+000
7.940087e+000  -3.531725e+000
7.950087e+000  -3.523062e+000
7.960087e+000  -3.514409e+000
7.970088e+000  -3.505766e+000
7.980088e+000  -3.497133e+000
7.990088e+000  -3.488509e+000
8.000088e+000  -3.479896e+000
8.010088e+000  -3.471292e+000
8.020088e+000  -3.462699e+000
8.030088e+000  -3.454116e+000
8.040089e+000  -3.445543e+000
8.050089e+000  -3.436981e+000
8.060089e+000  -3.428429e+000
8.070089e+000  -3.419887e+000
8.080090e+000  -3.411355e+000
8.090090e+000  -3.402835e+000
8.100090e+000  -3.394325e+000
8.110090e+000  -3.385825e+000
8.120090e+000  -3.377336e+000
8.130091e+000  -3.368858e+000
8.140091e+000  -3.360391e+000
8.150091e+000  -3.351935e+000
8.160091e+000  -3.343489e+000
8.170092e+000  -3.335055e+000
8.180092e+000  -3.326631e+000
8.190092e+000  -3.318219e+000
8.200092e+000  -3.309817e+000
8.210093e+000  -3.301427e+000
8.220093e+000  -3.293048e+000
8.230093e+000  -3.284680e+000
8.240093e+000  -3.276324e+000
8.250093e+000  -3.267979e+000
8.260094e+000  -3.259645e+000
8.270094e+000  -3.251323e+000
8.280094e+000  -3.243012e+000
8.290094e+000  -3.234713e+000
8.300095e+000  -3.226425e+000
8.310095e+000  -3.218149e+000
8.320095e+000  -3.209884e+000
8.330095e+000  -3.201632e+000
8.340096e+000  -3.193391e+000
8.350096e+000  -3.185161e+000
8.360096e+000  -3.176944e+000
8.370096e+000  -3.168738e+000
8.380096e+000  -3.160545e+000
8.390097e+000  -3.152363e+000
8.400097e+000  -3.144193e+000
8.410097e+000  -3.136036e+000
8.420097e+000  -3.127890e+000
8.430098e+000  -3.119757e+000
8.440098e+000  -3.111635e+000
8.450098e+000  -3.103526e+000
8.460098e+000  -3.095429e+000
8.470098e+000  -3.087345e+000
8.480099e+000  -3.079272e+000
8.490099e+000  -3.071212e+000
8.500099e+000  -3.063164e+000
8.510099e+000  -3.055129e+000
8.520100e+000  -3.047106e+000
8.530100e+000  -3.039096e+000
8.540100e+000  -3.031098e+000
8.550100e+000  -3.023113e+000
8.560101e+000  -3.015140e+000
8.570101e+000  -3.007179e+000
8.580101e+000  -2.999232e+000
8.590101e+000  -2.991297e+000
8.600101e+000  -2.983374e+000
8.610102e+000  -2.975465e+000
8.620102e+000  -2.967568e+000
8.630102e+000  -2.959684e+000
8.640102e+000  -2.951813e+000
8.650103e+000  -2.943954e+000
8.660103e+000  -2.936109e+000
8.670103e+000  -2.928276e+000
8.680103e+000  -2.920456e+000
8.690104e+000  -2.912649e+000
8.700104e+000  -2.904855e+000
8.710104e+000  -2.897075e+000
8.720104e+000  -2.889307e+000
8.730104e+000  -2.881552e+000
8.740105e+000  -2.873810e+000
8.750105e+000  -2.866082e+000
8.760105e+000  -2.858366e+000
8.770105e+000  -2.850664e+000
8.780106e+000  -2.842975e+000
8.790106e+000  -2.835299e+000
8.800106e+000  -2.827636e+000
8.810106e+000  -2.819986e+000
8.820107e+000  -2.812350e+000
8.830107e+000  -2.804727e+000
8.840107e+000  -2.797117e+000
8.850107e+000  -2.789521e+000
8.860107e+000  -2.781938e+000
8.870108e+000  -2.774368e+000
8.880108e+000  -2.766812e+000
8.890108e+000  -2.759269e+000
8.900108e+000  -2.751739e+000
8.910109e+000  -2.744223e+000
8.920109e+000  -2.736721e+000
8.930109e+000  -2.729231e+000
8.940109e+000  -2.721756e+000
8.950109e+000  -2.714294e+000
8.960110e+000  -2.706845e+000
8.970110e+000  -2.699410e+000
8.980110e+000  -2.691989e+000
8.990110e+000  -2.684581e+000
9.000111e+000  -2.677186e+000
9.010111e+000  -2.669806e+000
9.020111e+000  -2.662439e+000
9.030111e+000  -2.655085e+000
9.040112e+000  -2.647745e+000
9.050112e+000  -2.640419e+000
9.060112e+000  -2.633107e+000
9.070112e+000  -2.625808e+000
9.080112e+000  -2.618523e+000
9.090113e+000  -2.611252e+000
9.100113e+000  -2.603994e+000
9.110113e+000  -2.596750e+000
9.120113e+000  -2.589520e+000
9.130114e+000  -2.582304e+000
9.140114e+000  -2.575102e+000
9.150114e+000  -2.567913e+000
9.160114e+000  -2.560738e+000
9.170115e+000  -2.553577e+000
9.180115e+000  -2.546430e+000
9.190115e+000  -2.539296e+000
9.200115e+000  -2.532176e+000
9.210115e+000  -2.525071e+000
9.220116e+000  -2.517979e+000
9.230116e+000  -2.510901e+000
9.240116e+000  -2.503837e+000
9.250116e+000  -2.496786e+000
9.260117e+000  -2.489750e+000
9.270117e+000  -2.482728e+000
9.280117e+000  -2.475719e+000
9.290117e+000  -2.468724e+000
9.300117e+000  -2.461744e+000
9.310118e+000  -2.454777e+000
9.320118e+000  -2.447824e+000
9.330118e+000  -2.440885e+000
9.340118e+000  -2.433960e+000
9.350119e+000  -2.427049e+000
9.360119e+000  -2.420152e+000
9.370119e+000  -2.413269e+000
9.380119e+000  -2.406400e+000
9.390120e+000  -2.399545e+000
9.400120e+000  -2.392704e+000
9.410120e+000  -2.385876e+000
9.420120e+000  -2.379063e+000
9.430120e+000  -2.372264e+000
9.440121e+000  -2.365479e+000
9.450121e+000  -2.358708e+000
9.460121e+000  -2.351950e+000
9.470121e+000  -2.345207e+000
9.480122e+000  -2.338478e+000
9.490122e+000  -2.331763e+000
9.500122e+000  -2.325061e+000
9.510122e+000  -2.318374e+000
9.520123e+000  -2.311701e+000
9.530123e+000  -2.305042e+000
9.540123e+000  -2.298397e+000
9.550123e+000  -2.291765e+000
9.560123e+000  -2.285148e+000
9.570124e+000  -2.278545e+000
9.580124e+000  -2.271956e+000
9.590124e+000  -2.265381e+000
9.600124e+000  -2.258820e+000
9.610125e+000  -2.252272e+000
9.620125e+000  -2.245739e+000
9.630125e+000  -2.239220e+000
9.640125e+000  -2.232715e+000
9.650126e+000  -2.226224e+000
9.660126e+000  -2.219747e+000
9.670126e+000  -2.213284e+000
9.680126e+000  -2.206834e+000
9.690126e+000  -2.200399e+000
9.700127e+000  -2.193978e+000
9.710127e+000  -2.187571e+000
9.720127e+000  -2.181178e+000
9.730127e+000  -2.174799e+000
9.740128e+000  -2.168433e+000
9.750128e+000  -2.162082e+000
9.760128e+000  -2.155745e+000
9.770128e+000  -2.149422e+000
9.780128e+000  -2.143112e+000
9.790129e+000  -2.136817e+000
9.800129e+000  -2.130535e+000
9.810129e+000  -2.124268e+000
9.820129e+000  -2.118014e+000
9.830130e+000  -2.111775e+000
9.840130e+000  -2.105549e+000
9.850130e+000  -2.099337e+000
9.860130e+000  -2.093140e+000
9.870131e+000  -2.086956e+000
9.880131e+000  -2.080786e+000
9.890131e+000  -2.074630e+000
9.900131e+000  -2.068487e+000
9.910131e+000  -2.062359e+000
9.920132e+000  -2.056245e+000
9.930132e+000  -2.050144e+000
9.940132e+000  -2.044057e+000
9.950132e+000  -2.037985e+000
9.960133e+000  -2.031926e+000
9.970133e+000  -2.025881e+000
9.980133e+000  -2.019849e+000
9.990133e+000  -2.013832e+000
1.000013e+001  -2.007828e+000
1.001013e+001  -2.001838e+000
1.002013e+001  -1.995862e+000
1.003013e+001  -1.989900e+000
1.004013e+001  -1.983952e+000
1.005013e+001  -1.978017e+000
1.006013e+001  -1.972096e+000
1.007014e+001  -1.966189e+000
1.008014e+001  -1.960296e+000
1.009014e+001  -1.954416e+000
1.010014e+001  -1.948550e+000
1.011014e+001  -1.942698e+000
1.012014e+001  -1.936859e+000
1.013014e+001  -1.931035e+000
1.014014e+001  -1.925224e+000
1.015014e+001  -1.919426e+000
1.016014e+001  -1.913642e+000
1.017014e+001  -1.907872e+000
1.018014e+001  -1.902116e+000
1.019014e+001  -1.896373e+000
1.020014e+001  -1.890644e+000
1.021014e+001  -1.884928e+000
1.022014e+001  -1.879227e+000
1.023014e+001  -1.873538e+000
1.024014e+001  -1.867863e+000
1.025014e+001  -1.862202e+000
1.026014e+001  -1.856555e+000
1.027014e+001  -1.850920e+000
1.028014e+001  -1.845300e+000
1.029014e+001  -1.839693e+000
1.030014e+001  -1.834099e+000
1.031014e+001  -1.828519e+000
1.032014e+001  -1.822953e+000
1.033014e+001  -1.817400e+000
1.034014e+001  -1.811860e+000
1.035014e+001  -1.806334e+000
1.036014e+001  -1.800821e+000
1.037014e+001  -1.795322e+000
1.038014e+001  -1.789836e+000
1.039014e+001  -1.784363e+000
1.040014e+001  -1.778904e+000
1.041014e+001  -1.773458e+000
1.042014e+001  -1.768026e+000
1.043014e+001  -1.762607e+000
1.044014e+001  -1.757201e+000
1.045014e+001  -1.751808e+000
1.046014e+001  -1.746429e+000
1.047014e+001  -1.741063e+000
1.048014e+001  -1.735710e+000
1.049014e+001  -1.730371e+000
1.050014e+001  -1.725045e+000
1.051015e+001  -1.719732e+000
1.052015e+001  -1.714432e+000
1.053015e+001  -1.709145e+000
1.054015e+001  -1.703872e+000
1.055015e+001  -1.698611e+000
1.056015e+001  -1.693364e+000
1.057015e+001  -1.688130e+000
1.058015e+001  -1.682909e+000
1.059015e+001  -1.677702e+000
1.060015e+001  -1.672507e+000
1.061015e+001  -1.667325e+000
1.062015e+001  -1.662157e+000
1.063015e+001  -1.657001e+000
1.064015e+001  -1.651858e+000
1.065015e+001  -1.646729e+000
1.066015e+001  -1.641612e+000
1.067015e+001  -1.636509e+000
1.068015e+001  -1.631418e+000
1.069015e+001  -1.626340e+000
1.070015e+001  -1.621275e+000
1.071015e+001  -1.616224e+000
1.072015e+001  -1.611184e+000
1.073015e+001  -1.606158e+000
1.074015e+001  -1.601145e+000
1.075015e+001  -1.596145e+000
1.076015e+001  -1.591157e+000
1.077015e+001  -1.586182e+000
1.078015e+001  -1.581220e+000
1.079015e+001  -1.576271e+000
1.080015e+001  -1.571334e+000
1.081015e+001  -1.566410e+000
1.082015e+001  -1.561499e+000
1.083015e+001  -1.556601e+000
1.084015e+001  -1.551715e+000
1.085015e+001  -1.546842e+000
1.086015e+001  -1.541981e+000
1.087015e+001  -1.537133e+000
1.088015e+001  -1.532298e+000
1.089015e+001  -1.527475e+000
1.090015e+001  -1.522665e+000
1.091015e+001  -1.517868e+000
1.092015e+001  -1.513083e+000
1.093015e+001  -1.508310e+000
1.094016e+001  -1.503550e+000
1.095016e+001  -1.498803e+000
1.096016e+001  -1.494067e+000
1.097016e+001  -1.489345e+000
1.098016e+001  -1.484635e+000
1.099016e+001  -1.479937e+000
1.100016e+001  -1.475251e+000
1.101016e+001  -1.470578e+000
1.102016e+001  -1.465917e+000
1.103016e+001  -1.461269e+000
1.104016e+001  -1.456633e+000
1.105016e+001  -1.452009e+000
1.106016e+001  -1.447398e+000
1.107016e+001  -1.442798e+000
1.108016e+001  -1.438211e+000
1.109016e+001  -1.433636e+000
1.110016e+001  -1.429074e+000
1.111016e+001  -1.424523e+000
1.112016e+001  -1.419985e+000
1.113016e+001  -1.415458e+000
1.114016e+001  -1.410944e+000
1.115016e+001  -1.406442e+000
1.116016e+001  -1.401952e+000
1.117016e+001  -1.397475e+000
1.118016e+001  -1.393009e+000
1.119016e+001  -1.388555e+000
1.120016e+001  -1.384113e+000
1.121016e+001  -1.379683e+000
1.122016e+001  -1.375265e+000
1.123016e+001  -1.370859e+000
1.124016e+001  -1.366465e+000
1.125016e+001  -1.362083e+000
1.126016e+001  -1.357713e+000
1.127016e+001  -1.353354e+000
1.128016e+001  -1.349007e+000
1.129016e+001  -1.344673e+000
1.130016e+001  -1.340350e+000
1.131016e+001  -1.336038e+000
1.132016e+001  -1.331739e+000
1.133016e+001  -1.327451e+000
1.134016e+001  -1.323175e+000
1.135016e+001  -1.318911e+000
1.136016e+001  -1.314658e+000
1.137016e+001  -1.310417e+000
1.138017e+001  -1.306188e+000
1.139017e+001  -1.301970e+000
1.140017e+001  -1.297764e+000
1.141017e+001  -1.293569e+000
1.142017e+001  -1.289386e+000
1.143017e+001  -1.285214e+000
1.144017e+001  -1.281054e+000
1.145017e+001  -1.276906e+000
1.146017e+001  -1.272768e+000
1.147017e+001  -1.268643e+000
1.148017e+001  -1.264529e+000
1.149017e+001  -1.260426e+000
1.150017e+001  -1.256334e+000
1.151017e+001  -1.252254e+000
1.152017e+001  -1.248185e+000
1.153017e+001  -1.244128e+000
1.154017e+001  -1.240082e+000
1.155017e+001  -1.236047e+000
1.156017e+001  -1.232023e+000
1.157017e+001  -1.228011e+000
1.158017e+001  -1.224009e+000
1.159017e+001  -1.220019e+000
1.160017e+001  -1.216041e+000
1.161017e+001  -1.212073e+000
1.162017e+001  -1.208116e+000
1.163017e+001  -1.204171e+000
1.164017e+001  -1.200236e+000
1.165017e+001  -1.196313e+000
1.166017e+001  -1.192401e+000
1.167017e+001  -1.188500e+000
1.168017e+001  -1.184609e+000
1.169017e+001  -1.180730e+000
1.170017e+001  -1.176862e+000
1.171017e+001  -1.173004e+000
1.172017e+001  -1.169158e+000
1.173017e+001  -1.165322e+000
1.174017e+001  -1.161498e+000
1.175017e+001  -1.157684e+000
1.176017e+001  -1.153881e+000
1.177017e+001  -1.150088e+000
1.178017e+001  -1.146307e+000
1.179017e+001  -1.142536e+000
1.180017e+001  -1.138776e+000
1.181017e+001  -1.135027e+000
1.182018e+001  -1.131289e+000
1.183018e+001  -1.127561e+000
1.184018e+001  -1.123844e+000
1.185018e+001  -1.120137e+000
1.186018e+001  -1.116441e+000
1.187018e+001  -1.112756e+000
1.188018e+001  -1.109081e+000
1.189018e+001  -1.105417e+000
1.190018e+001  -1.101763e+000
1.191018e+001  -1.098120e+000
1.192018e+001  -1.094487e+000
1.193018e+001  -1.090865e+000
1.194018e+001  -1.087253e+000
1.195018e+001  -1.083652e+000
1.196018e+001  -1.080060e+000
1.197018e+001  -1.076480e+000
1.198018e+001  -1.072909e+000
1.199018e+001  -1.069350e+000
1.200018e+001  -1.065800e+000
1.201018e+001  -1.062261e+000
1.202018e+001  -1.058731e+000
1.203018e+001  -1.055212e+000
1.204018e+001  -1.051704e+000
1.205018e+001  -1.048205e+000
1.206018e+001  -1.044717e+000
1.207018e+001  -1.041239e+000
1.208018e+001  -1.037771e+000
1.209018e+001  -1.034313e+000
1.210018e+001  -1.030866e+000
1.211018e+001  -1.027428e+000
1.212018e+001  -1.024000e+000
1.213018e+001  -1.020583e+000
1.214018e+001  -1.017175e+000
1.215018e+001  -1.013777e+000
1.216018e+001  -1.010390e+000
1.217018e+001  -1.007012e+000
1.218018e+001  -1.003644e+000
1.219018e+001  -1.000286e+000
1.220018e+001  -9.969381e-001
1.221018e+001  -9.935999e-001
1.222018e+001  -9.902715e-001
1.223018e+001  -9.869530e-001
1.224018e+001  -9.836442e-001
1.225019e+001  -9.803452e-001
1.226019e+001  -9.770560e-001
1.227019e+001  -9.737765e-001
1.228019e+001  -9.705066e-001
1.229019e+001  -9.672465e-001
1.230019e+001  -9.639960e-001
1.231019e+001  -9.607551e-001
1.232019e+001  -9.575239e-001
1.233019e+001  -9.543023e-001
1.234019e+001  -9.510902e-001
1.235019e+001  -9.478877e-001
1.236019e+001  -9.446946e-001
1.237019e+001  -9.415112e-001
1.238019e+001  -9.383371e-001
1.239019e+001  -9.351726e-001
1.240019e+001  -9.320175e-001
1.241019e+001  -9.288719e-001
1.242019e+001  -9.257356e-001
1.243019e+001  -9.226087e-001
1.244019e+001  -9.194911e-001
1.245019e+001  -9.163829e-001
1.246019e+001  -9.132841e-001
1.247019e+001  -9.101945e-001
1.248019e+001  -9.071141e-001
1.249019e+001  -9.040430e-001
1.250019e+001  -9.009811e-001
1.251019e+001  -8.979285e-001
1.252019e+001  -8.948851e-001
1.253019e+001  -8.918507e-001
1.254019e+001  -8.888256e-001
1.255019e+001  -8.858095e-001
1.256019e+001  -8.828026e-001
1.257019e+001  -8.798047e-001
1.258019e+001  -8.768159e-001
1.259019e+001  -8.738362e-001
1.260019e+001  -8.708653e-001
1.261019e+001  -8.679036e-001
1.262019e+001  -8.649508e-001
1.263019e+001  -8.620070e-001
1.264019e+001  -8.590720e-001
1.265019e+001  -8.561460e-001
1.266019e+001  -8.532289e-001
1.267019e+001  -8.503206e-001
1.268019e+001  -8.474212e-001
1.269020e+001  -8.445306e-001
1.270020e+001  -8.416488e-001
1.271020e+001  -8.387758e-001
1.272020e+001  -8.359116e-001
1.273020e+001  -8.330561e-001
1.274020e+001  -8.302093e-001
1.275020e+001  -8.273712e-001
1.276020e+001  -8.245417e-001
1.277020e+001  -8.217210e-001
1.278020e+001  -8.189088e-001
1.279020e+001  -8.161053e-001
1.280020e+001  -8.133104e-001
1.281020e+001  -8.105240e-001
1.282020e+001  -8.077462e-001
1.283020e+001  -8.049769e-001
1.284020e+001  -8.022161e-001
1.285020e+001  -7.994638e-001
1.286020e+001  -7.967200e-001
1.287020e+001  -7.939847e-001
1.288020e+001  -7.912577e-001
1.289020e+001  -7.885391e-001
1.290020e+001  -7.858289e-001
1.291020e+001  -7.831271e-001
1.292020e+001  -7.804337e-001
1.293020e+001  -7.777485e-001
1.294020e+001  -7.750717e-001
1.295020e+001  -7.724031e-001
1.296020e+001  -7.697428e-001
1.297020e+001  -7.670907e-001
1.298020e+001  -7.644469e-001
1.299020e+001  -7.618113e-001
1.300020e+001  -7.591838e-001
1.301020e+001  -7.565644e-001
1.302020e+001  -7.539532e-001
1.303020e+001  -7.513502e-001
1.304020e+001  -7.487552e-001
1.305020e+001  -7.461683e-001
1.306020e+001  -7.435895e-001
1.307020e+001  -7.410187e-001
1.308020e+001  -7.384558e-001
1.309020e+001  -7.359010e-001
1.310020e+001  -7.333542e-001
1.311020e+001  -7.308153e-001
1.312020e+001  -7.282844e-001
1.313021e+001  -7.257613e-001
1.314021e+001  -7.232462e-001
1.315021e+001  -7.207389e-001
1.316021e+001  -7.182395e-001
1.317021e+001  -7.157479e-001
1.318021e+001  -7.132641e-001
1.319021e+001  -7.107881e-001
1.320021e+001  -7.083199e-001
1.321021e+001  -7.058594e-001
1.322021e+001  -7.034067e-001
1.323021e+001  -7.009616e-001
1.324021e+001  -6.985244e-001
1.325021e+001  -6.960947e-001
1.326021e+001  -6.936727e-001
1.327021e+001  -6.912583e-001
1.328021e+001  -6.888515e-001
1.329021e+001  -6.864523e-001
1.330021e+001  -6.840608e-001
1.331021e+001  -6.816767e-001
1.332021e+001  -6.793002e-001
1.333021e+001  -6.769312e-001
1.334021e+001  -6.745697e-001
1.335021e+001  -6.722156e-001
1.336021e+001  -6.698691e-001
1.337021e+001  -6.675299e-001
1.338021e+001  -6.651982e-001
1.339021e+001  -6.628739e-001
1.340021e+001  -6.605569e-001
1.341021e+001  -6.582473e-001
1.342021e+001  -6.559451e-001
1.343021e+001  -6.536501e-001
1.344021e+001  -6.513625e-001
1.345021e+001  -6.490821e-001
1.346021e+001  -6.468090e-001
1.347021e+001  -6.445431e-001
1.348021e+001  -6.422845e-001
1.349021e+001  -6.400331e-001
1.350021e+001  -6.377888e-001
1.351021e+001  -6.355517e-001
1.352021e+001  -6.333218e-001
1.353021e+001  -6.310989e-001
1.354021e+001  -6.288832e-001
1.355021e+001  -6.266746e-001
1.356021e+001  -6.244730e-001
1.357022e+001  -6.222786e-001
1.358022e+001  -6.200911e-001
1.359022e+001  -6.179106e-001
1.360022e+001  -6.157371e-001
1.361022e+001  -6.135706e-001
1.362022e+001  -6.114111e-001
1.363022e+001  -6.092585e-001
1.364022e+001  -6.071128e-001
1.365022e+001  -6.049740e-001
1.366022e+001  -6.028422e-001
1.367022e+001  -6.007171e-001
1.368022e+001  -5.985989e-001
1.369022e+001  -5.964875e-001
1.370022e+001  -5.943829e-001
1.371022e+001  -5.922852e-001
1.372022e+001  -5.901942e-001
1.373022e+001  -5.881099e-001
1.374022e+001  -5.860324e-001
1.375022e+001  -5.839615e-001
1.376022e+001  -5.818974e-001
1.377022e+001  -5.798400e-001
1.378022e+001  -5.777892e-001
1.379022e+001  -5.757450e-001
1.380022e+001  -5.737075e-001
1.381022e+001  -5.716766e-001
1.382022e+001  -5.696523e-001
1.383022e+001  -5.676345e-001
1.384022e+001  -5.656233e-001
1.385022e+001  -5.636187e-001
1.386022e+001  -5.616205e-001
1.387022e+001  -5.596288e-001
1.388022e+001  -5.576436e-001
1.389022e+001  -5.556648e-001
1.390022e+001  -5.536926e-001
1.391022e+001  -5.517267e-001
1.392022e+001  -5.497672e-001
1.393022e+001  -5.478141e-001
1.394022e+001  -5.458674e-001
1.395022e+001  -5.439271e-001
1.396022e+001  -5.419930e-001
1.397022e+001  -5.400653e-001
1.398022e+001  -5.381439e-001
1.399022e+001  -5.362288e-001
1.400023e+001  -5.343199e-001
1.401023e+001  -5.324173e-001
1.402023e+001  -5.305209e-001
1.403023e+001  -5.286307e-001
1.404023e+001  -5.267467e-001
1.405023e+001  -5.248690e-001
1.406023e+001  -5.229973e-001
1.407023e+001  -5.211318e-001
1.408023e+001  -5.192724e-001
1.409023e+001  -5.174192e-001
1.410023e+001  -5.155720e-001
1.411023e+001  -5.137309e-001
1.412023e+001  -5.118958e-001
1.413023e+001  -5.100668e-001
1.414023e+001  -5.082438e-001
1.415023e+001  -5.064268e-001
1.416023e+001  -5.046158e-001
1.417023e+001  -5.028108e-001
1.418023e+001  -5.010117e-001
1.419023e+001  -4.992185e-001
1.420023e+001  -4.974313e-001
1.421023e+001  -4.956500e-001
1.422023e+001  -4.938745e-001
1.423023e+001  -4.921049e-001
1.424023e+001  -4.903412e-001
1.425023e+001  -4.885833e-001
1.426023e+001  -4.868312e-001
1.427023e+001  -4.850850e-001
1.428023e+001  -4.833445e-001
1.429023e+001  -4.816098e-001
1.430023e+001  -4.798808e-001
1.431023e+001  -4.781576e-001
1.432023e+001  -4.764401e-001
1.433023e+001  -4.747283e-001
1.434023e+001  -4.730221e-001
1.435023e+001  -4.713217e-001
1.436023e+001  -4.696268e-001
1.437023e+001  -4.679377e-001
1.438023e+001  -4.662541e-001
1.439023e+001  -4.645762e-001
1.440023e+001  -4.629038e-001
1.441023e+001  -4.612370e-001
1.442023e+001  -4.595758e-001
1.443023e+001  -4.579201e-001
1.444024e+001  -4.562699e-001
1.445024e+001  -4.546252e-001
1.446024e+001  -4.529861e-001
1.447024e+001  -4.513524e-001
1.448024e+001  -4.497241e-001
1.449024e+001  -4.481013e-001
1.450024e+001  -4.464840e-001
1.451024e+001  -4.448720e-001
1.452024e+001  -4.432654e-001
1.453024e+001  -4.416642e-001
1.454024e+001  -4.400684e-001
1.455024e+001  -4.384779e-001
1.456024e+001  -4.368928e-001
1.457024e+001  -4.353129e-001
1.458024e+001  -4.337384e-001
1.459024e+001  -4.321691e-001
1.460024e+001  -4.306052e-001
1.461024e+001  -4.290465e-001
1.462024e+001  -4.274929e-001
1.463024e+001  -4.259447e-001
1.464024e+001  -4.244016e-001
1.465024e+001  -4.228638e-001
1.466024e+001  -4.213311e-001
1.467024e+001  -4.198036e-001
1.468024e+001  -4.182812e-001
1.469024e+001  -4.167639e-001
1.470024e+001  -4.152518e-001
1.471024e+001  -4.137447e-001
1.472024e+001  -4.122428e-001
1.473024e+001  -4.107459e-001
1.474024e+001  -4.092541e-001
1.475024e+001  -4.077673e-001
1.476024e+001  -4.062855e-001
1.477024e+001  -4.048088e-001
1.478024e+001  -4.033370e-001
1.479024e+001  -4.018702e-001
1.480024e+001  -4.004084e-001
1.481024e+001  -3.989515e-001
1.482024e+001  -3.974996e-001
1.483024e+001  -3.960526e-001
1.484024e+001  -3.946105e-001
1.485024e+001  -3.931732e-001
1.486024e+001  -3.917409e-001
1.487024e+001  -3.903134e-001
1.488025e+001  -3.888908e-001
1.489025e+001  -3.874730e-001
1.490025e+001  -3.860600e-001
1.491025e+001  -3.846518e-001
1.492025e+001  -3.832484e-001
1.493025e+001  -3.818498e-001
1.494025e+001  -3.804560e-001
1.495025e+001  -3.790669e-001
1.496025e+001  -3.776825e-001
1.497025e+001  -3.763028e-001
1.498025e+001  -3.749278e-001
1.499025e+001  -3.735576e-001
1.500025e+001  -3.721920e-001
1.501025e+001  -3.708310e-001
1.502025e+001  -3.694747e-001
1.503025e+001  -3.681231e-001
1.504025e+001  -3.667760e-001
1.505025e+001  -3.654336e-001
1.506025e+001  -3.640957e-001
1.507025e+001  -3.627625e-001
1.508025e+001  -3.614337e-001
1.509025e+001  -3.601096e-001
1.510025e+001  -3.587899e-001
1.511025e+001  -3.574748e-001
1.512025e+001  -3.561642e-001
1.513025e+001  -3.548581e-001
1.514025e+001  -3.535564e-001
1.515025e+001  -3.522592e-001
1.516025e+001  -3.509665e-001
1.517025e+001  -3.496782e-001
1.518025e+001  -3.483944e-001
1.519025e+001  -3.471149e-001
1.520025e+001  -3.458399e-001
1.521025e+001  -3.445692e-001
1.522025e+001  -3.433029e-001
1.523025e+001  -3.420409e-001
1.524025e+001  -3.407833e-001
1.525025e+001  -3.395300e-001
1.526025e+001  -3.382811e-001
1.527025e+001  -3.370364e-001
1.528025e+001  -3.357960e-001
1.529025e+001  -3.345599e-001
1.530025e+001  -3.333281e-001
1.531026e+001  -3.321005e-001
1.532026e+001  -3.308772e-001
1.533026e+001  -3.296580e-001
1.534026e+001  -3.284431e-001
1.535026e+001  -3.272324e-001
1.536026e+001  -3.260258e-001
1.537026e+001  -3.248235e-001
1.538026e+001  -3.236253e-001
1.539026e+001  -3.224312e-001
1.540026e+001  -3.212413e-001
1.541026e+001  -3.200555e-001
1.542026e+001  -3.188738e-001
1.543026e+001  -3.176962e-001
1.544026e+001  -3.165226e-001
1.545026e+001  -3.153532e-001
1.546026e+001  -3.141878e-001
1.547026e+001  -3.130264e-001
1.548026e+001  -3.118691e-001
1.549026e+001  -3.107158e-001
1.550026e+001  -3.095664e-001
1.551026e+001  -3.084211e-001
1.552026e+001  -3.072798e-001
1.553026e+001  -3.061424e-001
1.554026e+001  -3.050090e-001
1.555026e+001  -3.038795e-001
1.556026e+001  -3.027540e-001
1.557026e+001  -3.016323e-001
1.558026e+001  -3.005146e-001
1.559026e+001  -2.994008e-001
1.560026e+001  -2.982908e-001
1.561026e+001  -2.971848e-001
1.562026e+001  -2.960826e-001
1.563026e+001  -2.949842e-001
1.564026e+001  -2.938896e-001
1.565026e+001  -2.927989e-001
1.566026e+001  -2.917120e-001
1.567026e+001  -2.906289e-001
1.568026e+001  -2.895495e-001
1.569026e+001  -2.884739e-001
1.570026e+001  -2.874022e-001
1.571026e+001  -2.863341e-001
1.572026e+001  -2.852698e-001
1.573026e+001  -2.842092e-001
1.574026e+001  -2.831523e-001
1.575027e+001  -2.820991e-001
1.576027e+001  -2.810496e-001
1.577027e+001  -2.800038e-001
1.578027e+001  -2.789616e-001
1.579027e+001  -2.779231e-001
1.580027e+001  -2.768883e-001
1.581027e+001  -2.758570e-001
1.582027e+001  -2.748294e-001
1.583027e+001  -2.738054e-001
1.584027e+001  -2.727850e-001
1.585027e+001  -2.717682e-001
1.586027e+001  -2.707549e-001
1.587027e+001  -2.697453e-001
1.588027e+001  -2.687391e-001
1.589027e+001  -2.677365e-001
1.590027e+001  -2.667375e-001
1.591027e+001  -2.657419e-001
1.592027e+001  -2.647499e-001
1.593027e+001  -2.637613e-001
1.594027e+001  -2.627762e-001
1.595027e+001  -2.617946e-001
1.596027e+001  -2.608165e-001
1.597027e+001  -2.598418e-001
1.598027e+001  -2.588705e-001
1.599027e+001  -2.579027e-001
1.600027e+001  -2.569383e-001
1.601027e+001  -2.559773e-001
1.602027e+001  -2.550197e-001
1.603027e+001  -2.540655e-001
1.604027e+001  -2.531146e-001
1.605027e+001  -2.521671e-001
1.606027e+001  -2.512229e-001
1.607027e+001  -2.502821e-001
1.608027e+001  -2.493447e-001
1.609027e+001  -2.484105e-001
1.610027e+001  -2.474796e-001
1.611027e+001  -2.465521e-001
1.612027e+001  -2.456278e-001
1.613027e+001  -2.447068e-001
1.614027e+001  -2.437891e-001
1.615027e+001  -2.428746e-001
1.616027e+001  -2.419634e-001
1.617027e+001  -2.410554e-001
1.618027e+001  -2.401506e-001
1.619028e+001  -2.392490e-001
1.620028e+001  -2.383507e-001
1.621028e+001  -2.374555e-001
1.622028e+001  -2.365635e-001
1.623028e+001  -2.356747e-001
1.624028e+001  -2.347890e-001
1.625028e+001  -2.339065e-001
1.626028e+001  -2.330271e-001
1.627028e+001  -2.321509e-001
1.628028e+001  -2.312777e-001
1.629028e+001  -2.304077e-001
1.630028e+001  -2.295408e-001
1.631028e+001  -2.286770e-001
1.632028e+001  -2.278162e-001
1.633028e+001  -2.269585e-001
1.634028e+001  -2.261039e-001
1.635028e+001  -2.252523e-001
1.636028e+001  -2.244038e-001
1.637028e+001  -2.235583e-001
1.638028e+001  -2.227158e-001
1.639028e+001  -2.218763e-001
1.640028e+001  -2.210398e-001
1.641028e+001  -2.202063e-001
1.642028e+001  -2.193758e-001
1.643028e+001  -2.185482e-001
1.644028e+001  -2.177236e-001
1.645028e+001  -2.169020e-001
1.646028e+001  -2.160833e-001
1.647028e+001  -2.152675e-001
1.648028e+001  -2.144547e-001
1.649028e+001  -2.136447e-001
1.650028e+001  -2.128377e-001
1.651028e+001  -2.120335e-001
1.652028e+001  -2.112323e-001
1.653028e+001  -2.104339e-001
1.654028e+001  -2.096383e-001
1.655028e+001  -2.088456e-001
1.656028e+001  -2.080558e-001
1.657028e+001  -2.072688e-001
1.658028e+001  -2.064846e-001
1.659028e+001  -2.057033e-001
1.660028e+001  -2.049247e-001
1.661028e+001  -2.041490e-001
1.662029e+001  -2.033760e-001
1.663029e+001  -2.026058e-001
1.664029e+001  -2.018384e-001
1.665029e+001  -2.010738e-001
1.666029e+001  -2.003119e-001
1.667029e+001  -1.995527e-001
1.668029e+001  -1.987963e-001
1.669029e+001  -1.980426e-001
1.670029e+001  -1.972916e-001
1.671029e+001  -1.965433e-001
1.672029e+001  -1.957977e-001
1.673029e+001  -1.950548e-001
1.674029e+001  -1.943146e-001
1.675029e+001  -1.935770e-001
1.676029e+001  -1.928421e-001
1.677029e+001  -1.921099e-001
1.678029e+001  -1.913803e-001
1.679029e+001  -1.906534e-001
1.680029e+001  -1.899290e-001
1.681029e+001  -1.892073e-001
1.682029e+001  -1.884882e-001
1.683029e+001  -1.877717e-001
1.684029e+001  -1.870578e-001
1.685029e+001  -1.863464e-001
1.686029e+001  -1.856377e-001
1.687029e+001  -1.849315e-001
1.688029e+001  -1.842278e-001
1.689029e+001  -1.835267e-001
1.690029e+001  -1.828282e-001
1.691029e+001  -1.821321e-001
1.692029e+001  -1.814386e-001
1.693029e+001  -1.807476e-001
1.694029e+001  -1.800592e-001
1.695029e+001  -1.793732e-001
1.696029e+001  -1.786897e-001
1.697029e+001  -1.780087e-001
1.698029e+001  -1.773301e-001
1.699029e+001  -1.766540e-001
1.700029e+001  -1.759804e-001
1.701029e+001  -1.753092e-001
1.702029e+001  -1.746405e-001
1.703029e+001  -1.739741e-001
1.704029e+001  -1.733103e-001
1.705029e+001  -1.726488e-001
1.706030e+001  -1.719897e-001
1.707030e+001  -1.713330e-001
1.708030e+001  -1.706787e-001
1.709030e+001  -1.700268e-001
1.710030e+001  -1.693773e-001
1.711030e+001  -1.687301e-001
1.712030e+001  -1.680853e-001
1.713030e+001  -1.674428e-001
1.714030e+001  -1.668027e-001
1.715030e+001  -1.661649e-001
1.716030e+001  -1.655295e-001
1.717030e+001  -1.648963e-001
1.718030e+001  -1.642655e-001
1.719030e+001  -1.636370e-001
1.720030e+001  -1.630107e-001
1.721030e+001  -1.623868e-001
1.722030e+001  -1.617651e-001
1.723030e+001  -1.611457e-001
1.724030e+001  -1.605285e-001
1.725030e+001  -1.599136e-001
1.726030e+001  -1.593010e-001
1.727030e+001  -1.586906e-001
1.728030e+001  -1.580824e-001
1.729030e+001  -1.574765e-001
1.730030e+001  -1.568728e-001
1.731030e+001  -1.562713e-001
1.732030e+001  -1.556719e-001
1.733030e+001  -1.550748e-001
1.734030e+001  -1.544799e-001
1.735030e+001  -1.538871e-001
1.736030e+001  -1.532965e-001
1.737030e+001  -1.527081e-001
1.738030e+001  -1.521219e-001
1.739030e+001  -1.515378e-001
1.740030e+001  -1.509558e-001
1.741030e+001  -1.503760e-001
1.742030e+001  -1.497983e-001
1.743030e+001  -1.492227e-001
1.744030e+001  -1.486492e-001
1.745030e+001  -1.480778e-001
1.746030e+001  -1.475086e-001
1.747030e+001  -1.469414e-001
1.748030e+001  -1.463763e-001
1.749030e+001  -1.458133e-001
1.750031e+001  -1.452523e-001
1.751031e+001  -1.446934e-001
1.752031e+001  -1.441366e-001
1.753031e+001  -1.435819e-001
1.754031e+001  -1.430291e-001
1.755031e+001  -1.424784e-001
1.756031e+001  -1.419297e-001
1.757031e+001  -1.413831e-001
1.758031e+001  -1.408384e-001
1.759031e+001  -1.402958e-001
1.760031e+001  -1.397552e-001
1.761031e+001  -1.392165e-001
1.762031e+001  -1.386799e-001
1.763031e+001  -1.381452e-001
1.764031e+001  -1.376125e-001
1.765031e+001  -1.370818e-001
1.766031e+001  -1.365530e-001
1.767031e+001  -1.360262e-001
1.768031e+001  -1.355013e-001
1.769031e+001  -1.349783e-001
1.770031e+001  -1.344573e-001
1.771031e+001  -1.339382e-001
1.772031e+001  -1.334211e-001
1.773031e+001  -1.329058e-001
1.774031e+001  -1.323925e-001
1.775031e+001  -1.318810e-001
1.776031e+001  -1.313714e-001
1.777031e+001  -1.308638e-001
1.778031e+001  -1.303580e-001
1.779031e+001  -1.298540e-001
1.780031e+001  -1.293520e-001
1.781031e+001  -1.288518e-001
1.782031e+001  -1.283534e-001
1.783031e+001  -1.278569e-001
1.784031e+001  -1.273623e-001
1.785031e+001  -1.268695e-001
1.786031e+001  -1.263784e-001
1.787031e+001  -1.258893e-001
1.788031e+001  -1.254019e-001
1.789031e+001  -1.249164e-001
1.790031e+001  -1.244326e-001
1.791031e+001  -1.239506e-001
1.792031e+001  -1.234705e-001
1.793032e+001  -1.229921e-001
1.794032e+001  -1.225155e-001
1.795032e+001  -1.220406e-001
1.796032e+001  -1.215676e-001
1.797032e+001  -1.210962e-001
1.798032e+001  -1.206267e-001
1.799032e+001  -1.201589e-001
1.800032e+001  -1.196928e-001
1.801032e+001  -1.192284e-001
1.802032e+001  -1.187658e-001
1.803032e+001  -1.183049e-001
1.804032e+001  -1.178457e-001
1.805032e+001  -1.173883e-001
1.806032e+001  -1.169325e-001
1.807032e+001  -1.164784e-001
1.808032e+001  -1.160261e-001
1.809032e+001  -1.155754e-001
1.810032e+001  -1.151264e-001
1.811032e+001  -1.146790e-001
1.812032e+001  -1.142334e-001
1.813032e+001  -1.137893e-001
1.814032e+001  -1.133470e-001
1.815032e+001  -1.129063e-001
1.816032e+001  -1.124672e-001
1.817032e+001  -1.120298e-001
1.818032e+001  -1.115940e-001
1.819032e+001  -1.111599e-001
1.820032e+001  -1.107273e-001
1.821032e+001  -1.102964e-001
1.822032e+001  -1.098671e-001
1.823032e+001  -1.094394e-001
1.824032e+001  -1.090133e-001
1.825032e+001  -1.085888e-001
1.826032e+001  -1.081659e-001
1.827032e+001  -1.077445e-001
1.828032e+001  -1.073248e-001
1.829032e+001  -1.069066e-001
1.830032e+001  -1.064900e-001
1.831032e+001  -1.060749e-001
1.832032e+001  -1.056614e-001
1.833032e+001  -1.052494e-001
1.834032e+001  -1.048390e-001
1.835032e+001  -1.044301e-001
1.836032e+001  -1.040228e-001
1.837033e+001  -1.036169e-001
1.838033e+001  -1.032126e-001
1.839033e+001  -1.028098e-001
1.840033e+001  -1.024086e-001
1.841033e+001  -1.020088e-001
1.842033e+001  -1.016105e-001
1.843033e+001  -1.012138e-001
1.844033e+001  -1.008185e-001
1.845033e+001  -1.004247e-001
1.846033e+001  -1.000324e-001
1.847033e+001  -9.964151e-002
1.848033e+001  -9.925213e-002
1.849033e+001  -9.886422e-002
1.850033e+001  -9.847776e-002
1.851033e+001  -9.809276e-002
1.852033e+001  -9.770920e-002
1.853033e+001  -9.732709e-002
1.854033e+001  -9.694641e-002
1.855033e+001  -9.656717e-002
1.856033e+001  -9.618935e-002
1.857033e+001  -9.581296e-002
1.858033e+001  -9.543798e-002
1.859033e+001  -9.506442e-002
1.860033e+001  -9.469226e-002
1.861033e+001  -9.432150e-002
1.862033e+001  -9.395215e-002
1.863033e+001  -9.358418e-002
1.864033e+001  -9.321760e-002
1.865033e+001  -9.285241e-002
1.866033e+001  -9.248859e-002
1.867033e+001  -9.212614e-002
1.868033e+001  -9.176506e-002
1.869033e+001  -9.140534e-002
1.870033e+001  -9.104698e-002
1.871033e+001  -9.068998e-002
1.872033e+001  -9.033432e-002
1.873033e+001  -8.998000e-002
1.874033e+001  -8.962703e-002
1.875033e+001  -8.927538e-002
1.876033e+001  -8.892506e-002
1.877033e+001  -8.857607e-002
1.878033e+001  -8.822840e-002
1.879033e+001  -8.788204e-002
1.880033e+001  -8.753700e-002
1.881034e+001  -8.719326e-002
1.882034e+001  -8.685081e-002
1.883034e+001  -8.650967e-002
1.884034e+001  -8.616981e-002
1.885034e+001  -8.583125e-002
1.886034e+001  -8.549396e-002
1.887034e+001  -8.515795e-002
1.888034e+001  -8.482321e-002
1.889034e+001  -8.448974e-002
1.890034e+001  -8.415754e-002
1.891034e+001  -8.382659e-002
1.892034e+001  -8.349690e-002
1.893034e+001  -8.316846e-002
1.894034e+001  -8.284126e-002
1.895034e+001  -8.251531e-002
1.896034e+001  -8.219059e-002
1.897034e+001  -8.186710e-002
1.898034e+001  -8.154485e-002
1.899034e+001  -8.122381e-002
1.900034e+001  -8.090399e-002
1.901034e+001  -8.058539e-002
1.902034e+001  -8.026800e-002
1.903034e+001  -7.995181e-002
1.904034e+001  -7.963682e-002
1.905034e+001  -7.932303e-002
1.906034e+001  -7.901043e-002
1.907034e+001  -7.869903e-002
1.908034e+001  -7.838880e-002
1.909034e+001  -7.807976e-002
1.910034e+001  -7.777189e-002
1.911034e+001  -7.746519e-002
1.912034e+001  -7.715967e-002
1.913034e+001  -7.685529e-002
1.914034e+001  -7.655209e-002
1.915034e+001  -7.625003e-002
1.916034e+001  -7.594912e-002
1.917034e+001  -7.564937e-002
1.918034e+001  -7.535075e-002
1.919034e+001  -7.505327e-002
1.920034e+001  -7.475693e-002
1.921034e+001  -7.446171e-002
1.922034e+001  -7.416762e-002
1.923034e+001  -7.387465e-002
1.924035e+001  -7.358280e-002
1.925035e+001  -7.329206e-002
1.926035e+001  -7.300244e-002
1.927035e+001  -7.271391e-002
1.928035e+001  -7.242648e-002
1.929035e+001  -7.214016e-002
1.930035e+001  -7.185493e-002
1.931035e+001  -7.157078e-002
1.932035e+001  -7.128772e-002
1.933035e+001  -7.100575e-002
1.934035e+001  -7.072484e-002
1.935035e+001  -7.044502e-002
1.936035e+001  -7.016626e-002
1.937035e+001  -6.988857e-002
1.938035e+001  -6.961194e-002
1.939035e+001  -6.933637e-002
1.940035e+001  -6.906185e-002
1.941035e+001  -6.878838e-002
1.942035e+001  -6.851596e-002
1.943035e+001  -6.824458e-002
1.944035e+001  -6.797424e-002
1.945035e+001  -6.770493e-002
1.946035e+001  -6.743666e-002
1.947035e+001  -6.716941e-002
1.948035e+001  -6.690319e-002
1.949035e+001  -6.663799e-002
1.950035e+001  -6.637380e-002
1.951035e+001  -6.611062e-002
1.952035e+001  -6.584845e-002
1.953035e+001  -6.558729e-002
1.954035e+001  -6.532713e-002
1.955035e+001  -6.506797e-002
1.956035e+001  -6.480980e-002
1.957035e+001  -6.455262e-002
1.958035e+001  -6.429643e-002
1.959035e+001  -6.404122e-002
1.960035e+001  -6.378699e-002
1.961035e+001  -6.353374e-002
1.962035e+001  -6.328146e-002
1.963035e+001  -6.303015e-002
1.964035e+001  -6.277980e-002
1.965035e+001  -6.253042e-002
1.966035e+001  -6.228199e-002
1.967035e+001  -6.203452e-002
1.968036e+001  -6.178800e-002
1.969036e+001  -6.154243e-002
1.970036e+001  -6.129780e-002
1.971036e+001  -6.105411e-002
1.972036e+001  -6.081136e-002
1.973036e+001  -6.056954e-002
1.974036e+001  -6.032866e-002
1.975036e+001  -6.008870e-002
1.976036e+001  -5.984966e-002
1.977036e+001  -5.961155e-002
1.978036e+001  -5.937435e-002
1.979036e+001  -5.913807e-002
1.980036e+001  -5.890269e-002
1.981036e+001  -5.866822e-002
1.982036e+001  -5.843466e-002
1.983036e+001  -5.820199e-002
1.984036e+001  -5.797023e-002
1.985036e+001  -5.773935e-002
1.986036e+001  -5.750937e-002
1.987036e+001  -5.728027e-002
1.988036e+001  -5.705206e-002
1.989036e+001  -5.682472e-002
1.990036e+001  -5.659826e-002
1.991036e+001  -5.637268e-002
1.992036e+001  -5.614797e-002
1.993036e+001  -5.592413e-002
1.994036e+001  -5.570115e-002
1.995036e+001  -5.547903e-002
1.996036e+001  -5.525777e-002
1.997036e+001  -5.503736e-002
1.998036e+001  -5.481780e-002
1.999036e+001  -5.459910e-002
